# YOLOv5 Hyperparameter Evolution Results
# Best generation: 10
# Last generation: 21
#    metrics/precision,       metrics/recall,      metrics/mAP_0.5, metrics/mAP_0.5:0.95,         val/box_loss,         val/obj_loss,         val/cls_loss
#              0.80851,              0.75788,              0.83009,              0.60846,             0.030983,              0.12099,            0.0035601

lr0: 0.01053
lrf: 0.01
momentum: 0.9138
weight_decay: 0.00031
warmup_epochs: 1.8049
warmup_momentum: 0.94395
warmup_bias_lr: 0.09347
box: 0.05769
cls: 0.35655
cls_pw: 0.66673
obj: 0.91722
obj_pw: 0.76933
iou_t: 0.2
anchor_t: 4.2463
fl_gamma: 0.0
hsv_h: 0.01661
hsv_s: 0.9
hsv_v: 0.47836
degrees: 0.0
translate: 0.11613
scale: 0.3142
shear: 0.0
perspective: 0.0
flipud: 0.0
fliplr: 0.5
mosaic: 1.0
mixup: 0.0
copy_paste: 0.0
anchors: 3.1118
